PLTSOLVD=T
CRPIX1= 3.1245000000000000E+003
CRPIX2= 2.0885000000000000E+003
CRVAL1= 9.7962740785098958E+001
CRVAL2= 4.9419146270164118E+000
CDELT1= 2.4391388792435387E-004
CDELT2= 2.4395202856581624E-004
CROTA1=-1.7948372101109479E+002
CROTA2=-1.7949088310717789E+002
CD1_1=-2.4390398582609568E-004
CD1_2= 2.1978217666520887E-006
CD2_1=-2.1676721293462934E-006
CD2_2=-2.4394239778873305E-004
CMDLINE="C:\Program Files\astap\astap.exe" -f d:/Python-projects-windows/digital-finder/samples/rosette_1.fits -r 10
DIMENSIONS=6248 x 4176
